0 3.4 0.0001 0.6629682749538273
0 3.4 0.00018329807108324357 0.9946782083434125
0 3.4 0.0003359818286283781 0.993348871178131
0 3.4 0.0006158482110660267 0.9920208633663748
0 3.4 0.0011288378916846883 0.9933519783145535
0 3.4 0.00206913808111479 0.9973359964507565
0 3.4 0.00379269019073225 0.9906999631672425
0 3.4 0.0069519279617756054 0.9946759892166352
0 3.4 0.012742749857031334 0.9960048832708965
0 3.4 0.023357214690901212 0.9973351090399966
0 3.4 0.04281332398719392 0.9973351090399966
0 3.4 0.07847599703514607 0.9973351102228144
0 3.4 0.14384498882876628 0.9906884361536753
0 3.4 0.26366508987303583 6.224909683631224e-06
0 3.4 0.4832930238571752 -3.5354502417380013e-06
0 3.4 0.8858667904100823 -1.756477813363079e-06
0 3.4 1.623776739188721 -3.537520693252847e-06
0 3.4 2.9763514416313193 -1.3257903222591875e-06
0 3.4 5.455594781168514 -2.200481304787425e-06
0 3.4 10.0 -2.6533601754992094e-06
0 3.5 0.0001 0.9982218260859068
0 3.5 0.00018329807108324357 0.9982220242096075
0 3.5 0.0003359818286283781 0.9982214316835621
0 3.5 0.0006158482110660267 0.996889139053113
0 3.5 0.0011288378916846883 0.9955582416943234
0 3.5 0.00206913808111479 0.9977773326439522
0 3.5 0.00379269019073225 0.9946738068521002
0 3.5 0.0069519279617756054 0.9911442913442895
0 3.5 0.012742749857031334 0.712829275622849
0 3.5 0.023357214690901212 0.708924094430787
0 3.5 0.04281332398719392 0.49858290266573607
0 3.5 0.07847599703514607 0.498750069354931
0 3.5 0.14384498882876628 0.4927752611879749
0 3.5 0.26366508987303583 1.1039912329680934e-05
0 3.5 0.4832930238571752 -2.0721514278981623e-06
0 3.5 0.8858667904100823 -4.152234291729507e-06
0 3.5 1.623776739188721 -1.3536222645892363e-07
0 3.5 2.9763514416313193 8.324961839252022e-09
0 3.5 5.455594781168514 1.5082896393197833e-06
0 3.5 10.0 3.2861316020663636e-06
0 3.5644072660954325 0.0001 0.7573816474552956
0 3.5644072660954325 0.00018329807108324357 0.6657311331848724
0 3.5644072660954325 0.0003359818286283781 0.6668969983617173
0 3.5644072660954325 0.0006158482110660267 0.7922760988393432
0 3.5644072660954325 0.0011288378916846883 0.7909590939706354
0 3.5644072660954325 0.00206913808111479 0.7898751997464292
0 3.5644072660954325 0.00379269019073225 0.7095033486659865
0 3.5644072660954325 0.0069519279617756054 0.7084901014728652
0 3.5644072660954325 0.012742749857031334 0.4706091224489536
0 3.5644072660954325 0.023357214690901212 0.46918139295208755
0 3.5644072660954325 0.04281332398719392 0.3114522957807104
0 3.5644072660954325 0.07847599703514607 0.31141645698336307
0 3.5644072660954325 0.14384498882876628 0.30774835941332607
0 3.5644072660954325 0.26366508987303583 0.00019535868604298072
0 3.5644072660954325 0.4832930238571752 0.00029564839943713617
0 3.5644072660954325 0.8858667904100823 -0.00034297786740661437
0 3.5644072660954325 1.623776739188721 0.0001897566293721715
0 3.5644072660954325 2.9763514416313193 -9.389637642996188e-05
0 3.5644072660954325 5.455594781168514 -4.50696208883947e-05
0 3.5644072660954325 10.0 0.00039553704156484337
0 3.5944072660954327 0.0001 0.07819945951335053
0 3.5944072660954327 0.00018329807108324357 0.07808983788686204
0 3.5944072660954327 0.0003359818286283781 0.07919607864062503
0 3.5944072660954327 0.0006158482110660267 0.07762858564088794
0 3.5944072660954327 0.0011288378916846883 0.08172449053855375
0 3.5944072660954327 0.00206913808111479 0.08221642811084998
0 3.5944072660954327 0.00379269019073225 0.10959005719237304
0 3.5944072660954327 0.0069519279617756054 0.10890280642919244
0 3.5944072660954327 0.012742749857031334 0.10833522084250369
0 3.5944072660954327 0.023357214690901212 0.10537354545240867
0 3.5944072660954327 0.04281332398719392 0.10557941849653797
0 3.5944072660954327 0.07847599703514607 0.10520167324540466
0 3.5944072660954327 0.14384498882876628 0.10420798913855375
0 3.5944072660954327 0.26366508987303583 0.00026868832420050157
0 3.5944072660954327 0.4832930238571752 0.00037881865494087167
0 3.5944072660954327 0.8858667904100823 3.0208674742000597e-05
0 3.5944072660954327 1.623776739188721 -5.9319696453554576e-05
0 3.5944072660954327 2.9763514416313193 -1.603641599931528e-05
0 3.5944072660954327 5.455594781168514 -0.00010382999089269931
0 3.5944072660954327 10.0 -7.585078076238297e-05
1 3.4 0.0001 0.992685978166261
1 3.4 0.00018329807108324357 0.9946782083434125
1 3.4 0.0003359818286283781 0.9933519783145535
1 3.4 0.0006158482110660267 0.9900388461817263
1 3.4 0.0011288378916846883 0.9907048463300155
1 3.4 0.00206913808111479 0.9913615241602287
1 3.4 0.00379269019073225 0.9953419893649296
1 3.4 0.0069519279617756054 0.992685978166261
1 3.4 0.012742749857031334 0.993348871178131
1 3.4 0.023357214690901212 0.9960048832697136
1 3.4 0.04281332398719392 0.9973351090399966
1 3.4 0.07847599703514607 0.9973351102228144
1 3.4 0.14384498882876628 0.9840644143376092
1 3.4 0.26366508987303583 1.9111956962689674e-05
1 3.4 0.4832930238571752 1.3391103857782017e-06
1 3.4 0.8858667904100823 2.236295610533071e-06
1 3.4 1.623776739188721 7.5661088154647015e-06
1 3.4 2.9763514416313193 -3.5330837850188254e-06
1 3.4 5.455594781168514 -3.097362881784306e-06
1 3.4 10.0 5.328023048260471e-09
1 3.5 0.0001 0.9973336293683773
1 3.5 0.00018329807108324357 0.9964456341240457
1 3.5 0.0003359818286283781 0.9982214316835621
1 3.5 0.0006158482110660267 0.9982214316835621
1 3.5 0.0011288378916846883 0.9982212332961655
1 3.5 0.00206913808111479 0.9977773326439522
1 3.5 0.00379269019073225 0.9955598141814054
1 3.5 0.0069519279617756054 0.9951169071829592
1 3.5 0.012742749857031334 0.7127198984890932
1 3.5 0.023357214690901212 0.7118492987170972
1 3.5 0.04281332398719392 0.498750069354931
1 3.5 0.07847599703514607 0.49841773569708503
1 3.5 0.14384498882876628 0.489465633946576
1 3.5 0.26366508987303583 6.2629732278213615e-06
1 3.5 0.4832930238571752 2.2570326214953675e-06
1 3.5 0.8858667904100823 -1.326629210632618e-06
1 3.5 1.623776739188721 1.9733618288838772e-06
1 3.5 2.9763514416313193 -1.476814999141633e-06
1 3.5 5.455594781168514 -2.222467821847265e-06
1 3.5 10.0 -1.332889626416532e-06
1 3.5644072660954325 0.0001 0.6640828928927944
1 3.5644072660954325 0.00018329807108324357 0.6666312844018938
1 3.5644072660954325 0.0003359818286283781 0.7905081070059053
1 3.5644072660954325 0.0006158482110660267 0.7886512525121898
1 3.5644072660954325 0.0011288378916846883 0.7908940330778585
1 3.5644072660954325 0.00206913808111479 0.7903500183977646
1 3.5644072660954325 0.00379269019073225 0.7083915403379135
1 3.5644072660954325 0.0069519279617756054 0.7094094825579864
1 3.5644072660954325 0.012742749857031334 0.4707254842958066
1 3.5644072660954325 0.023357214690901212 0.47060374636130226
1 3.5644072660954325 0.04281332398719392 0.3114522957807104
1 3.5644072660954325 0.07847599703514607 0.3114522957807104
1 3.5644072660954325 0.14384498882876628 0.30675806839533526
1 3.5644072660954325 0.26366508987303583 0.0008539953519182627
1 3.5644072660954325 0.4832930238571752 -0.00025106379828455797
1 3.5644072660954325 0.8858667904100823 4.697729012439295e-05
1 3.5644072660954325 1.623776739188721 -0.0005443400915586729
1 3.5644072660954325 2.9763514416313193 0.0003446777173213127
1 3.5644072660954325 5.455594781168514 0.00010298823274158204
1 3.5644072660954325 10.0 4.6619372975867505e-05
1 3.5944072660954327 0.0001 0.0786829994220086
1 3.5944072660954327 0.00018329807108324357 0.07858478430937811
1 3.5944072660954327 0.0003359818286283781 0.08319189560669298
1 3.5944072660954327 0.0006158482110660267 0.11073966443819343
